              precision    recall  f1-score   support

           A       0.99      1.00      0.99       725
           B       1.00      1.00      1.00       728
           C       1.00      0.99      0.99       690
           D       0.99      0.99      0.99       740
           E       0.99      0.99      0.99       705
           F       1.00      1.00      1.00       719
           G       1.00      1.00      1.00       758
           H       1.00      1.00      1.00       665
           I       1.00      0.99      0.99       698
           J       0.99      0.99      0.99       701
           K       0.99      1.00      0.99       693
           L       1.00      1.00      1.00       693
           M       0.99      0.98      0.99       717
           N       0.99      0.98      0.99       719
           O       0.99      0.99      0.99       778
           P       0.99      0.99      0.99       852
           Q       0.99      0.99      0.99       736
           R       1.00      0.99      0.99       722
           S       0.98      0.99      0.98       719
           T       0.99      1.00      1.00       696
           U       0.99      0.99      0.99       697
           V       1.00      0.99      1.00       697
           W       0.99      1.00      1.00       705
           X       0.99      0.99      0.99       735
           Y       0.99      1.00      1.00       713
           Z       0.98      0.99      0.99       730
         del       1.00      0.99      1.00       703
       space       1.00      1.00      1.00       687

    accuracy                           0.99     20121
   macro avg       0.99      0.99      0.99     20121
weighted avg       0.99      0.99      0.99     20121
