725   0   0   0   0   0   0   0   0   0   0   0   0   0   0   0   0   0    0   0   0   0   0   0   0   0   0   0
  0 728   0   0   0   0   0   0   0   0   0   0   0   0   0   0   0   0    0   0   0   0   0   0   0   0   0   0
  0   0 685   1   0   1   0   0   0   1   0   0   0   0   2   0   0   0    0   0   0   0   0   0   0   0   0   0
  0   0   0 734   0   0   0   0   0   1   0   1   0   0   0   0   0   1    0   0   0   0   0   2   0   0   0   1
  0   0   0   0 698   0   0   0   0   0   0   0   1   0   0   0   0   0    4   0   0   0   0   0   0   1   0   1
  0   0   0   1   0 718   0   0   0   0   0   0   0   0   0   0   0   0    0   0   0   0   0   0   0   0   0   0
  0   0   0   0   0   0 756   0   0   0   0   0   0   0   0   0   2   0    0   0   0   0   0   0   0   0   0   0
  0   0   0   0   0   0   0 665   0   0   0   0   0   0   0   0   0   0    0   0   0   0   0   0   0   0   0   0
  0   0   0   0   0   0   0   0 692   2   0   1   0   0   1   0   0   0    1   0   0   0   0   1   0   0   0   0
  0   0   0   0   0   0   0   0   3 691   0   0   0   0   0   0   0   0    1   1   0   0   0   0   1   3   1   0
  0   0   0   0   0   0   0   0   0   0 691   0   0   0   0   0   0   0    0   0   1   0   0   0   0   1   0   0
  0   0   0   0   0   0   0   0   0   0   0 691   0   0   0   0   1   0    0   0   0   0   1   0   0   0   0   0
  5   0   0   0   2   0   0   0   0   0   0   0 704   5   0   0   0   0    0   0   0   0   0   0   1   0   0   0
  1   0   0   0   0   0   0   0   0   0   0   0   6 705   0   0   0   0    5   1   0   0   0   0   0   1   0   0
  0   0   2   0   2   0   0   0   0   0   0   0   0   0 773   0   1   0    0   0   0   0   0   0   0   0   0   0
  0   0   0   0   0   0   0   0   0   1   1   0   0   0   0 847   1   0    0   0   0   0   0   0   2   0   0   0
  0   0   1   0   0   0   0   0   0   1   0   0   0   2   0   2 727   0    1   0   0   1   0   0   0   0   1   0
  0   0   0   0   0   0   0   0   0   0   0   0   0   0   0   0   0 716    0   0   4   0   2   0   0   0   0   0
  2   0   0   0   1   0   0   0   0   0   0   0   1   0   0   0   0   0  713   2   0   0   0   0   0   0   0   0
  0   0   0   0   0   0   0   0   0   0   0   0   0   0   0   0   0   0    1 695   0   0   0   0   0   0   0   0
  0   0   0   0   0   0   0   0   0   0   1   0   0   0   1   0   0   1    0   0 693   0   1   0   0   0   0   0
  0   0   0   0   0   1   0   0   0   0   3   0   0   0   0   0   0   0    0   0   0 692   0   0   0   1   0   0
  0   1   0   0   0   0   0   0   0   0   1   0   0   0   0   0   0   0    0   0   1   0 702   0   0   0   0   0
  0   0   0   2   0   0   0   0   0   0   0   0   0   0   0   0   0   0    1   0   0   0   0 728   0   4   0   0
  1   0   0   0   0   0   0   0   0   1   0   0   0   0   0   0   0   0    0   0   0   0   0   0 711   0   0   0
  0   0   0   0   0   0   0   0   0   2   0   0   0   0   0   3   0   0    4   0   0   0   0   0   0 721   0   0
  0   0   0   0   0   0   0   0   0   0   0   0   0   0   0   2   0   0    0   1   0   0   0   2   0   0 698   0
  0   0   0   0   0   0   0   0   0   0   0   0   0   0   0   0   0   0    0   0   0   0   0   0   0   0   0 687